dim 100 100 100
putsphere 50 50 50 50 0.302 0.302 0.302 1.0
cutbox 0 100 0 50 0 100
cutbox 0 100 60 100 0 100
cutbox 69 100 50 60 0 100
cutsphere 60 50 50 40
putsphere 20 55 50 8 0.058 0.054 0.074 1.0
cutbox 17 36 62 63 40 60
cutbox 10 12 50 60 40 60
cutbox 10 14 50 60 40 60
cutbox 10 15 50 60 41 59
cutbox 10 16 45 65 43 57
putsphere 15 55 50 7 0.058 0.054 0.074 1.0
cutsphere 15 55 50 5
cutbox 15 16 45 65 43 57
cutbox 13 14 45 65 43 57
cutbox 5 12 45 65 43 57
putbox 5 20 60 61 46 47 0.058 0.054 0.074 1.0
putbox 5 20 60 61 54 55 0.058 0.054 0.074 1.0
putbox 5 20 50 51 54 55 0.058 0.054 0.074 1.0
putbox 5 20 50 51 46 47 0.058 0.054 0.074 1.0
putellipsoid 30 42 50 20 5 6 0.231 0.298 0.360 1.0
cutellipsoid 30 42 50 6 6 6
cutbox 5 50 38 47 50 51
putbox 25 35 40 45 45 47 0.231 0.298 0.360 1.0
putbox 25 35 40 45 54 56 0.231 0.298 0.360 1.0
cutbox 29 32 40 45 54 55
cutbox 29 32 40 45 46 47
putbox 50 58 41 44 49 50 0.231 0.298 0.360 1.0
putbox 49 52 41 44 48 49 0.231 0.298 0.360 1.0
putbox 50 58 41 44 51 52 0.231 0.298 0.360 1.0
putbox 49 52 41 44 52 53 0.231 0.298 0.360 1.0
putbox 25 26 34 48 50 51 0.541 0.549 0.6 1.0
putbox 32 33 34 48 53 54 0.541 0.549 0.6 1.0
putbox 32 33 34 48 47 48 0.541 0.549 0.6 1.0
putsphere 30 42 50 4 0.168 0.164 0.219 1.0
cutsphere 30 42 50 2
cutbox 28 33 39 41 48 53
putellipsoid 30 67 50 20 5 6 0.231 0.298 0.360 1.0
cutellipsoid 30 67 50 6 6 6
cutbox 5 50 63 72 50 51
putbox 25 35 65 70 45 47 0.231 0.298 0.360 1.0
putbox 25 35 65 70 54 56 0.231 0.298 0.360 1.0
cutbox 29 32 65 70 54 55
cutbox 29 32 65 70 46 47
putbox 50 58 66 69 49 50 0.231 0.298 0.360 1.0
putbox 49 52 66 69 48 49 0.231 0.298 0.360 1.0
putbox 50 58 66 69 51 52 0.231 0.298 0.360 1.0
putbox 49 52 66 69 52 53 0.231 0.298 0.360 1.0
putbox 25 26 62 76 50 51 0.541 0.549 0.6 1.0
putbox 32 33 62 76 53 54 0.541 0.549 0.6 1.0
putbox 32 33 62 76 47 48 0.541 0.549 0.6 1.0
putsphere 30 67 50 4 0.168 0.164 0.219 1.0
cutsphere 30 67 50 2
cutbox 28 33 69 71 48 53
cutbox 52 69 50 60 11 12
cutbox 53 69 50 60 10 11
cutbox 54 69 50 60 9 10
cutbox 56 69 50 60 8 9
cutbox 58 69 50 60 7 8
cutbox 60 69 50 60 6 7
cutbox 63 69 50 60 4 6
putbox 65 75 50 60 1 2 0.302 0.302 0.302 1.0
cutbox 52 69 50 60 89 90
cutbox 53 69 50 60 90 91
cutbox 54 69 50 60 91 92
cutbox 56 69 50 60 92 93
cutbox 58 69 50 60 93 94
cutbox 60 69 50 60 94 96
cutbox 63 69 50 60 96 99
putbox 65 75 50 60 99 100 0.302 0.302 0.302 1.0
putbox 52 53 50 51 70 90 0.211 0.266 0.301 1
putoxel 53 50 70 0.211 0.266 0.301 1
putoxel 54 50 70 0.211 0.266 0.301 1
putoxel 54 50 69 0.211 0.266 0.301 1
putoxel 54 50 68 0.211 0.266 0.301 1
putoxel 53 50 68 0.211 0.266 0.301 1
putoxel 52 50 68 0.211 0.266 0.301 1
putoxel 52 50 69 0.211 0.266 0.301 1
putoxel 52 50 70 0.211 0.266 0.301 1
putoxel 53 50 67 0.211 0.266 0.301 1
putbox 30 53 50 51 70 71 0.211 0.266 0.301 1
putoxel 40 49 70 0.211 0.266 0.301 1
putoxel 40 48 70 0.211 0.266 0.301 1
putoxel 40 47 70 0.211 0.266 0.301 1
putbox 21 40 47 48 70 71 0.211 0.266 0.301 1
putoxel 21 48 70 0.211 0.266 0.301 1
putoxel 21 49 70 0.211 0.266 0.301 1
putbox 36 53 50 51 68 69 0.211 0.266 0.301 1
putoxel 40 49 68 0.211 0.266 0.301 1
putoxel 40 48 68 0.211 0.266 0.301 1
putoxel 40 47 68 0.211 0.266 0.301 1
putbox 35 40 47 48 68 69 0.211 0.266 0.301 1
putoxel 35 48 68 0.211 0.266 0.301 1
putoxel 35 49 68 0.211 0.266 0.301 1
putbox 54 55 50 51 55 68 0.211 0.266 0.301 1
putoxel 53 50 55 0.211 0.266 0.301 1
putoxel 52 50 55 0.211 0.266 0.301 1
putoxel 51 50 55 0.211 0.266 0.301 1
putoxel 51 50 56 0.211 0.266 0.301 1
putoxel 51 50 57 0.211 0.266 0.301 1
putoxel 52 50 57 0.211 0.266 0.301 1
putoxel 53 50 57 0.211 0.266 0.301 1
putbox 40 51 50 51 55 56 0.211 0.266 0.301 1
putoxel 40 49 55 0.211 0.266 0.301 1
putoxel 40 48 55 0.211 0.266 0.301 1
putoxel 40 47 55 0.211 0.266 0.301 1
putbox 30 40 47 48 55 56 0.211 0.266 0.301 1
putoxel 30 47 56 0.211 0.266 0.301 1
putoxel 30 47 57 0.211 0.266 0.301 1
putoxel 30 47 58 0.211 0.266 0.301 1
putoxel 30 48 58 0.211 0.266 0.301 1
putoxel 30 49 58 0.211 0.266 0.301 1
putoxel 30 50 58 0.211 0.266 0.301 1
putbox 54 55 50 51 45 55 0.211 0.266 0.301 1
putoxel 55 50 54 0.211 0.266 0.301 1
putoxel 56 50 54 0.211 0.266 0.301 1
putoxel 56 50 53 0.211 0.266 0.301 1
putoxel 56 50 53 0.211 0.266 0.301 1
putoxel 56 50 52 0.211 0.266 0.301 1
putoxel 55 50 52 0.211 0.266 0.301 1
putbox 54 55 50 51 30 45 0.211 0.266 0.301 1
putoxel 50 50 45 0.211 0.266 0.301 1
putoxel 51 50 45 0.211 0.266 0.301 1
putoxel 52 50 45 0.211 0.266 0.301 1
putoxel 50 50 44 0.211 0.266 0.301 1
putoxel 50 50 43 0.211 0.266 0.301 1
putoxel 51 50 43 0.211 0.266 0.301 1
putoxel 52 50 43 0.211 0.266 0.301 1
putoxel 53 50 45 0.211 0.266 0.301 1
putoxel 53 50 43 0.211 0.266 0.301 1
putbox 52 53 50 51 11 30 0.211 0.266 0.301 1
putoxel 54 50 29 0.211 0.266 0.301 1
putoxel 52 50 30 0.211 0.266 0.301 1
putoxel 52 50 31 0.211 0.266 0.301 1
putoxel 53 50 31 0.211 0.266 0.301 1
putoxel 53 50 29 0.211 0.266 0.301 1
putbox 52 53 59 60 70 90 0.211 0.266 0.301 1
putoxel 53 59 70 0.211 0.266 0.301 1
putoxel 54 59 70 0.211 0.266 0.301 1
putoxel 54 59 69 0.211 0.266 0.301 1
putoxel 54 59 68 0.211 0.266 0.301 1
putoxel 53 59 68 0.211 0.266 0.301 1
putoxel 52 59 68 0.211 0.266 0.301 1
putoxel 52 59 69 0.211 0.266 0.301 1
putoxel 52 59 70 0.211 0.266 0.301 1
putoxel 53 59 67 0.211 0.266 0.301 1
putbox 30 53 59 60 70 71 0.211 0.266 0.301 1
putoxel 40 60 70 0.211 0.266 0.301 1
putoxel 40 61 70 0.211 0.266 0.301 1
putoxel 40 62 70 0.211 0.266 0.301 1
putbox 21 40 62 63 70 71 0.211 0.266 0.301 1
putoxel 21 61 70 0.211 0.266 0.301 1
putoxel 21 60 70 0.211 0.266 0.301 1
putbox 36 53 59 60 68 69 0.211 0.266 0.301 1
putoxel 40 60 68 0.211 0.266 0.301 1
putoxel 40 61 68 0.211 0.266 0.301 1
putoxel 40 62 68 0.211 0.266 0.301 1
putbox 35 40 62 63 68 69 0.211 0.266 0.301 1
putoxel 35 61 68 0.211 0.266 0.301 1
putoxel 35 60 68 0.211 0.266 0.301 1
putbox 54 55 59 60 55 68 0.211 0.266 0.301 1
putoxel 53 59 55 0.211 0.266 0.301 1
putoxel 52 59 55 0.211 0.266 0.301 1
putoxel 51 59 55 0.211 0.266 0.301 1
putoxel 51 59 56 0.211 0.266 0.301 1
putoxel 51 59 57 0.211 0.266 0.301 1
putoxel 52 59 57 0.211 0.266 0.301 1
putoxel 53 59 57 0.211 0.266 0.301 1
putbox 40 51 59 60 55 56 0.211 0.266 0.301 1
putoxel 40 60 55 0.211 0.266 0.301 1
putoxel 40 61 55 0.211 0.266 0.301 1
putoxel 40 62 55 0.211 0.266 0.301 1
putbox 30 40 62 63 55 56 0.211 0.266 0.301 1
putoxel 30 62 56 0.211 0.266 0.301 1
putoxel 30 62 57 0.211 0.266 0.301 1
putoxel 30 62 58 0.211 0.266 0.301 1
putoxel 30 61 58 0.211 0.266 0.301 1
putoxel 30 60 58 0.211 0.266 0.301 1
putoxel 30 59 58 0.211 0.266 0.301 1
putbox 54 55 59 60 45 55 0.211 0.266 0.301 1
putoxel 55 59 54 0.211 0.266 0.301 1
putoxel 56 59 54 0.211 0.266 0.301 1
putoxel 56 59 53 0.211 0.266 0.301 1
putoxel 56 59 53 0.211 0.266 0.301 1
putoxel 56 59 52 0.211 0.266 0.301 1
putoxel 55 59 52 0.211 0.266 0.301 1
putbox 54 55 59 60 30 45 0.211 0.266 0.301 1
putoxel 50 59 45 0.211 0.266 0.301 1
putoxel 51 59 45 0.211 0.266 0.301 1
putoxel 52 59 45 0.211 0.266 0.301 1
putoxel 50 59 44 0.211 0.266 0.301 1
putoxel 50 59 43 0.211 0.266 0.301 1
putoxel 51 59 43 0.211 0.266 0.301 1
putoxel 52 59 43 0.211 0.266 0.301 1
putoxel 53 59 45 0.211 0.266 0.301 1
putoxel 53 59 43 0.211 0.266 0.301 1
putbox 52 53 59 60 11 30 0.211 0.266 0.301 1
putoxel 54 59 29 0.211 0.266 0.301 1
putoxel 52 59 30 0.211 0.266 0.301 1
putoxel 52 59 31 0.211 0.266 0.301 1
putoxel 53 59 31 0.211 0.266 0.301 1
putoxel 53 59 29 0.211 0.266 0.301 1
putbox 38 51 50 60 13 18 0.318 0.325 0.353 1.0
cutbox 49 51 50 60 15 16
putbox 38 49 50 60 15 16 0.086 0.031 0.050 1.0
cutbox 38 51 50 51 15 16
cutbox 38 51 59 60 15 16
cutbox 50 51 50 60 16 17
cutbox 50 51 50 60 14 15
putbox 32 48 50 60 18 23 0.318 0.325 0.353 1.0
cutbox 46 48 50 60 20 21
putbox 32 46 50 60 20 21 0.086 0.031 0.050 1.0
cutbox 32 48 50 51 20 21
cutbox 32 48 59 60 20 21
cutbox 47 48 50 60 19 20
cutbox 47 48 50 60 21 22
putbox 26 50 50 60 23 28 0.318 0.325 0.353 1.0
cutbox 46 50 50 60 25 26
putbox 26 50 50 60 25 26 0.086 0.031 0.050 1.0
cutbox 26 50 50 51 25 26
cutbox 26 50 59 60 25 26
cutbox 49 50 50 60 26 27
cutbox 49 50 50 60 24 25
putbox 24 45 50 60 28 35 0.318 0.325 0.353 1.0
cutbox 43 45 50 60 30 33
putbox 24 43 50 60 30 33 0.086 0.031 0.050 1.0
cutbox 24 45 50 51 30 33
cutbox 24 45 59 60 30 33
cutbox 44 45 50 60 33 34
cutbox 44 45 50 60 29 30
putbox 22 40 50 60 35 40 0.318 0.325 0.353 1.0
cutbox 38 40 50 60 37 38
putbox 22 38 50 60 37 38 0.086 0.031 0.050 1.0
cutbox 22 40 50 51 37 38
cutbox 22 40 59 60 37 38
cutbox 39 40 50 60 38 39
cutbox 39 40 50 60 36 37
putbox 22 40 50 60 40 45 0.318 0.325 0.353 1.0
cutbox 38 40 50 60 42 43
putbox 22 38 50 60 42 43 0.086 0.031 0.050 1.0
cutbox 22 40 50 51 42 43
cutbox 22 40 59 60 42 43
cutbox 39 40 50 60 43 44
cutbox 39 40 50 60 41 42
putbox 22 40 50 60 58 67 0.318 0.325 0.353 1.0
cutbox 38 40 50 60 60 65
putbox 22 38 50 60 60 65 0.086 0.031 0.050 1.0
cutbox 22 40 50 51 60 65
cutbox 22 40 59 60 60 65
cutbox 39 40 50 60 65 66
cutbox 39 40 50 60 59 60
putbox 21 40 50 60 67 72 0.318 0.325 0.353 1.0
cutbox 38 40 50 60 69 70
putbox 21 38 50 60 69 70  0.086 0.031 0.050 1.0
cutbox 21 40 50 51 69 70
cutbox 21 40 59 60 69 70
cutbox 39 40 50 60 70 71
cutbox 39 40 50 60 68 69
putbox 28 42 50 60 72 77 0.318 0.325 0.353 1.0
cutbox 40 42 50 60 74 75
putbox 28 40 50 60 74 75  0.086 0.031 0.050 1.0
cutbox 28 42 50 51 74 75
cutbox 28 42 59 60 74 75
cutbox 41 42 50 60 75 76
cutbox 41 42 50 60 73 74
putbox 32 50 50 60 77 82  0.318 0.325 0.353 1.0
cutbox 48 50 50 60 79 80
putbox 31 48 50 60 79 80  0.086 0.031 0.050 1.0
cutbox 32 50 50 51 79 80
cutbox 32 50 59 60 79 80
cutbox 49 50 50 60 80 81
cutbox 49 50 50 60 78 79
putbox 38 46 50 60 82 87  0.318 0.325 0.353 1.0
cutbox 44 46 50 60 84 85
putbox 38 44 50 60 84 85 0.086 0.031 0.050 1.0
cutbox 38 46 50 51 84 85
cutbox 38 46 59 60 84 85
cutbox 45 46 50 60 85 86
cutbox 45 46 50 60 83 84